27.1
30.5
25.3
25.8
23.5
27.8
30.1
23.6
23.4
49.2
31.9
26.9
30.4
20.7
25.6
26.6
23.7
26.8
26.9
25.8
27.1
30.1
26
29.8
36.2
19.1
25.4
26
24.9
36.1
36.3
25.4
26.4
20.1
29.4
23.9
25.3
22.2
23.2
46.6
54.8
55.6
36.9
49.6
40.4
47.4
48
43.5
34.9
41.8
43.9
34.4
22.2
20.8
30.2
48.6
45.9
21.1
47.8
43
43.4
42.4
54.3
47.3
49.4
48.9
22.5
48.9
17.4
56
25
24.4
30.5
70.2
53.8
44.6
57.6
54.1
33.7
23.3
57.5
35.4
47.8
41.4
51.5
21
25.1
42.7
55.5
51.2
24.9
53.6
46.7
47.9
52
25.9
59.3
46.2
63.9
60.2
66.9
49.4
60.6
60.2
40.9
23.8
52.5
21.7
14.8
63.3
60.7
64.3
44.6
61.5
64.3
49.7
26.3
48.7
57.7
40.2
25
57.3
24.8
23.2
23
26.2
29.7
21.8
19.7
23.9
24.4
23.2
22
30.4
